0x35eA96Aac5c071CA4dA5B74855f9A6A2662f1924,
0xEBA7D4793C7Cbee25C71f41aF0274b4B5b1454be,
0xA4b60D7E6Cfb46d2087B24C1a1a6407013d021f3